
name: Daily Probe
count: 100000
leverage_cap: 5.132133179308546
base_depth: 795.2700346555771
decay_rate: 0.10
forward_ticks: 100
shocks:
  - tick: 10
    type: systemic
    agent_ids: [0, 1, 2, 3, 4]
    asset_id: 0
    magnitude: 2.0
